loading all probes in sweden...
Stockholms län:
 [40, 118, 154, 361, 374, 378, 408, 428, 759, 869, 914, 935, 1305, 1333, 1407, 1420, 1486, 1503, 2094, 2211, 2251, 2331, 2351, 2455, 2583, 2866, 2919, 2957, 3283, 3354, 3968, 6037, 6049, 6102, 6273, 6296, 6469, 6608, 10179, 10745, 10748, 10772, 10802, 11155, 11584, 11585, 11684, 11820, 12376, 12922, 12932, 13060, 13581, 13582, 13987, 13988, 14012, 14017, 14154, 14746, 14751, 14839, 14926, 15104, 15171, 15539, 15579, 15582, 15702, 16000, 16108, 16123, 16512, 16585, 17441, 17609, 18216, 18312, 18367, 18403, 18465, 19287, 19360, 19469, 19493, 19651, 19655, 20035, 20106, 20290, 20644, 20667, 20672, 20721, 20737, 20743, 20874, 21609, 22155, 22158, 22189, 22557, 22867, 22908, 23160, 23214, 23284, 23626, 23646, 23790, 24421, 24588, 24828, 24831, 24854, 24893, 24990, 24996, 25690, 25964, 26344, 26366, 26393, 26711, 27955, 27983, 28102, 28392, 28402, 28417, 28466, 28604, 28682, 28970, 28974, 29072, 29648, 30131, 30168, 30720, 30735, 30851, 31645, 31950, 32004, 32008, 32463, 32528, 33636, 33877, 34390, 34481, 34493, 34624, 34633, 34730, 35308, 35699, 50655, 51000, 51200, 51222, 51471, 51761, 51921, 52536, 52699, 53006, 54069, 54990, 55388, 55510, 55626, 1000096, 1000142]

Västernorrlands län:
 [134, 30986]

Västmanlands län:
 [140, 11682, 19744, 20767, 26438, 26793, 28238]

Norrbottens län:
 [145, 665, 1364, 2933, 4733, 6536, 21275, 22174, 32609]

Skåne län:
 [169, 395, 539, 540, 2058, 2183, 2324, 2544, 2677, 3227, 3918, 4892, 4934, 4950, 6350, 6441, 10777, 11557, 11583, 11603, 17918, 18559, 18760, 19385, 20383, 20795, 21733, 24321, 24817, 24825, 28638, 28763, 28952, 31650, 32201, 34144, 50708]

Västra Götalands län:
 [285, 373, 600, 846, 1321, 2288, 2619, 2692, 2924, 6063, 12457, 13996, 14103, 18637, 19462, 22570, 23223, 23264, 23618, 24050, 24437, 24524, 24964, 27107, 29642, 30481, 30939, 31890, 34657, 35675, 51263, 51597, 51984, 52798, 53235, 53298, 53312, 55780]

Värmlands län:
 [410, 13818, 32458, 32887, 35578, 50161]

Kronobergs län:
 [694, 2010, 3321, 3465, 17334]

Östergötlands län:
 [744, 2588, 14389, 20037, 20755, 23941, 35297, 35682, 50989]

Södermanlands län:
 [879, 2059, 18644, 28454, 30773, 50564]

Dalarnas län:
 [2458, 15884, 24578, 31931, 32038, 33407, 33949, 34566, 35680]

Uppsala län:
 [2682, 4671, 4751, 11472, 12871, 13912, 14014, 16087, 24374, 24879, 30772, 32066, 32105, 32394, 35655, 50798]

Gävleborgs län:
 [2956, 3005, 14295, 14699, 15614, 16315, 18015, 18320, 18543, 19452, 19454, 19472, 19621, 20011, 20032, 20051, 20408, 22576, 23236, 23262, 24891, 32100, 34444, 50762]

Jönköpings län:
 [4566, 15197, 16037, 20129, 23943, 24855, 26620, 28329, 32540, 34735, 1000158]

Hallands län:
 [12830, 23168, 24417, 24448, 26878, 28423, 31957, 32352, 53620]

Blekinge län:
 [14231, 14650, 27350, 50732]

Västerbottens län:
 [22466, 22505, 34439, 34707, 35141, 50970, 51920, 54511, 55717, 55822]

Kalmar län:
 [23644, 31656, 35353, 53718, 54075]

Gotlands län:
 [29566, 35659]

Jämtlands län:
 [30730, 53593, 53998]

Örebro län:
 [32003, 32033, 32185, 32268, 51173]

Antal län : 21
