The AS that do not have a ripe atlas probe (ASNs from gavlix)
[47970, 60213, 206114, 210140, 208201]
The AS that do not have a ripe atlas probe (ASNs from netnod)
[702,
 702,
 714,
 714,
 714,
 714,
 1273,
 1547,
 2116,
 2603,
 2603,
 2635,
 2686,
 2863,
 2874,
 2906,
 2906,
 2914,
 3216,
 3238,
 3303,
 3303,
 3327,
 3342,
 3856,
 5400,
 6507,
 6667,
 6939,
 6939,
 6939,
 6939,
 6939,
 7713,
 8075,
 8075,
 8075,
 8075,
 8075,
 8220,
 8220,
 8359,
 8359,
 8359,
 8359,
 8359,
 8359,
 8400,
 8403,
 8529,
 8613,
 8728,
 8732,
 8995,
 9002,
 9002,
 9002,
 9002,
 9009,
 9009,
 9201,
 9201,
 10310,
 11644,
 12041,
 12389,
 12496,
 12578,
 12714,
 12850,
 12850,
 12939,
 13194,
 13194,
 13335,
 13335,
 13335,
 13335,
 13335,
 13335,
 13335,
 13335,
 13414,
 14413,
 15169,
 15830,
 16086,
 16086,
 16253,
 16265,
 19399,
 19551,
 19679,
 19679,
 20278,
 20485,
 20485,
 20485,
 20485,
 20562,
 20764,
 20940,
 20940,
 20940,
 20940,
 22822,
 24429,
 24482,
 24940,
 25091,
 25178,
 26415,
 27471,
 29479,
 30736,
 31027,
 31059,
 31133,
 31500,
 31500,
 31500,
 31529,
 32590,
 32590,
 32934,
 32934,
 32934,
 32934,
 33353,
 33886,
 33891,
 34123,
 35706,
 35706,
 35706,
 35706,
 36236,
 36351,
 36351,
 36692,
 38001,
 31173,
 31173,
 31173,
 31173,
 39642,
 39642,
 39642,
 39642,
 39806,
 39839,
 41095,
 42473,
 42473,
 42473,
 42541,
 42649,
 43531,
 43727,
 43809,
 43809,
 43893,
 44020,
 44160,
 44444,
 44843,
 46489,
 47155,
 47155,
 47254,
 47541,
 47699,
 47708,
 47869,
 47872,
 48374,
 48519,
 48564,
 48579,
 49605,
 50245,
 50923,
 50923,
 51430,
 51555,
 53264,
 54104,
 54104,
 55195,
 55195,
 57208,
 57463,
 57976,
 59469,
 59749,
 59900,
 61006,
 61397,
 61955,
 62183,
 63927,
 197000,
 197000,
 197440,
 197617,
 198463,
 199121,
 199524,
 200781,
 202112,
 203052,
 203975,
 205206,
 205916,
 205970]
The AS that do not have a ripe atlas probe (ASNs from sthix)
[29468,
 202395,
 33353,
 29479,
 10310,
 10310,
 15169,
 203038,
 42237,
 205927,
 203779,
 61006,
 203605,
 42649,
 24940,
 32934,
 32934,
 34087,
 54113,
 54113,
 8403,
 44444,
 48579,
 394354,
 60662,
 62183,
 8075,
 39806,
 20940,
 203975,
 57208,
 16086,
 204179,
 47699,
 32590,
 15169,
 198093,
 2603,
 21485,
 59750,
 12578,
 24668,
 6507,
 16265,
 62020,
 16086,
 31173,
 51701,
 32590,
 99,
 197617,
 13335,
 198549,
 198093,
 47869,
 50572,
 21227,
 49079,
 6667,
 50304,
 31027,
 15830,
 56735,
 57151,
 51701,
 196967,
 47708,
 51040,
 8896,
 57773,
 50066,
 6939,
 43893,
 12939,
 25473,
 33886,
 33886,
 8075,
 41634,
 25160,
 209075,
 55256,
 57630,
 209584,
 43809,
 57782,
 8769,
 20514,
 20514,
 57976,
 57151,
 208478,
 201983,
 54113,
 54113,
 32934,
 32934,
 31173,
 33891,
 62183,
 60876,
 202687,
 100,
 50304,
 205206,
 8896,
 49362,
 13335,
 57151,
 42541,
 2603,
 57151,
 13335,
 204538,
 31173,
 100,
 205199,
 62183,
 29468,
 50572,
 57208,
 57151,
 35706,
 57151,
 25176,
 57630,
 57151,
 57151]
